374.376 204.965 66.7839 199.697
528.734 368.034 222.929 370.138
620.535 77.7517 318.541 88.2979
408.686 369.415 101.426 371.28
435.319 224.485 130.498 222.865
587.479 357.59 281.074 360.007
568.879 439.039 259.848 439.861
553.27 68.2582 254.773 73.3334
403.661 154.019 99.2978 148.329
398.493 123.703 94.503 116.377
380.65 180.609 73.3276 174.383
489.999 245.21 186.237 246.299
648.28 258.632 339.914 265.281
519.536 349.469 213.214 351.656
471.584 109.65 171.48 107.792
434.435 138.339 132.309 134.321
508.476 180.85 206.35 182.263
461.325 200.237 158.508 199.408
468.195 236.706 164.288 236.798
405.279 186.652 100.196 182.294
650.657 277.244 341.645 283.271
498.957 155.306 197.932 156.075
550.233 261.381 243.601 264.296
631.917 189.492 325.565 197.506
522.28 260.782 217.663 263.061
434.67 319.779 125.304 320.587
614.374 51.3915 314.295 62.5132
624.568 224.589 318.011 231.374
633.057 164.348 327.592 173.259
622.005 120.328 319.229 130.113
544.091 223.537 240.009 226.69
542.536 211.348 238.679 214.374
497.146 346.24 191.205 348.218
540.597 259.38 235.979 262.312
390.503 219.31 82.4616 215.279
534.606 285.501 229.996 288.208
664.504 223.358 356.242 232.113
521.431 194.511 218.653 196.654
532.74 204.506 230.188 207.313
456.216 358.551 150.601 360.33
473.614 124.412 172.466 122.681
435.589 201.51 131.495 199.335
581.059 375.257 273.265 377.354
565.077 336.618 259.187 339.289
631.559 258.388 323.631 264.42
555.564 355.2 251.458 357.52
435.487 352.906 127.212 354.61
548.291 85.324 250.097 90.2668
396.453 400.376 85.9584 403.274
572.328 270.092 267.603 273.98
492.487 224.014 188.988 224.985
576.669 181.381 274.337 186.893
447.811 368.171 140.63 370.106
600.424 247.648 294.509 252.904
505.604 254.645 201.066 256.232
340.728 165.219 30.2163 155.559
359.475 132.896 51.9038 122.833
479.844 174.638 178.575 174.508
552.127 276.987 246.352 280.127
477.262 202.338 174.192 202.319
389.486 328.993 79.9874 329.374
536.849 374.566 231.542 376.496
473.037 341.407 166.445 343.231
505.898 327.298 200.528 329.28
448.707 184.314 145.4 182.399
640.41 209.27 333.751 217.282
360.513 240.262 51.4845 236.187
644.58 230.257 337.454 237.965
579.787 125.491 279.019 132.259
597.991 235.504 293.533 241.179
323.394 124.359 11.2254 110.564
503.058 181.108 201.766 182.364
517.308 187.344 215.539 189.506
688.704 166.15 377.975 178.026
380.845 149.173 74.708 141.505
498.014 95.7886 199.15 96.0137
433.981 130.66 131.509 126.3
402.376 123.414 98.5432 116.263
613.835 189.091 308.88 196.203
447.127 214.319 143.14 212.928
437.585 115.663 136.383 111.403
570.581 253.392 265.668 257.327
401.228 177.338 95.8462 172.42
587.747 162.433 284.849 168.628
463.665 369.329 157.244 371.251
605.96 328.828 298.146 332.284
500.516 354.428 195.462 356.365
456.915 125.291 155.876 122.477
627.959 75.1789 325.936 86.7487
563.296 116.436 263.434 122.175
471.724 292.35 166.337 293.328
531.401 298.801 226.53 301.236
586.791 262.445 281.33 266.804
418.515 194.371 113.702 190.88
591.646 248.352 287.146 253.304
591.498 292.819 283.553 296.762
483.384 271.305 178.603 272.307
558.171 332.211 251.699 334.793
699.821 174.579 389.802 187.353
494.757 190.455 192.513 191.346
658.426 208.79 350.925 217.758
654.387 167.688 348.031 178.201
357.517 184.337 49.2454 177.274
510.251 149.416 209.112 150.623
628.033 274.522 321.108 279.94
681.48 270.539 370.365 277.622
699.121 339.796 385.12 343.83
483.294 145.705 182.281 145.398
463.935 178.963 161.845 178.044
578.085 185.136 274.675 190.561
608.169 193.405 304.129 200.302
530.244 32.4071 233.546 35.4503
582.105 259.89 276.45 264.31
632.633 426.115 320.511 426.135
707.386 319.382 392.777 324.438
346.896 171.414 36.1779 162.277
535.438 346.298 228.854 348.764
356.003 255.536 45.2923 251.707
435.996 210.41 131.707 208.325
577.081 273.654 271.9 277.509
589.196 297.363 283.34 301.102
386.593 221.587 78.7372 217.387
711.528 221.705 398.553 232.328
478.12 151.315 176.488 150.332
592.963 125.239 290.863 132.356
400.512 263.467 92.6176 261.533
552.678 204.263 249.839 208.272
372.204 385.27 62.4084 387.809
556.42 137.289 254.382 141.652
367.618 412.554 52.7501 416.296
665.121 282.102 354.528 288.404
522.306 276.093 216.611 278.127
591.868 377.962 283.582 380.095
390.215 358.926 78.9794 360.358
539.796 356.321 233.231 358.441
371.863 118.28 65.9364 108.389
664.233 298.686 354.796 304.396
525.934 250.164 222.241 252.493
505.208 106.573 206.461 107.554
418.013 180.673 113.586 176.985
546.613 350.245 242.093 352.403
616.709 282.311 309.862 287.075
536.672 123.776 237.577 127.336
513.164 334.343 207.439 336.311
435.884 180.232 132.647 177.322
530.193 119.357 230.527 122.502
348.241 260.317 35.6293 256.275
468.264 297.362 162.316 298.215
388.834 274.365 80.3634 272.473
637.991 120.633 334.251 131.422
478.099 261.716 173.631 262.359
624.66 283.426 317.534 288.358
606.191 96.2894 304.805 105.636
475.943 277.278 171.913 278.156
565.8 284.399 260.193 288.059
600.613 277.348 294.607 281.761
588.152 296.581 282.15 300.228
424.291 126.37 122.01 121.023
481.831 248.666 178.548 249.387
603.007 363.231 294.951 365.376
644.39 229.253 336.581 236.508
540.863 184.374 238.628 187.448
425.59 190.314 119.895 186.642
554.911 382.498 248.41 384.189
450.623 164.55 147.657 162.347
415.574 145.398 111.998 139.937
693.236 229.7 381.243 239.344
528.738 384.076 221.648 385.907
407.266 278.489 99.7889 277.269
519.147 281.775 213.527 284.141
411.581 130.314 109.738 124.533
489.548 358.822 181.436 360.685
433.33 194.431 128.775 191.516
428.782 371.538 120.998 373.319
479.228 208.523 175.846 208.838
520.105 269.276 215.703 271.289
629.332 106.388 326.424 117.388
590.558 102.219 289.495 109.581
566.783 117.558 263.434 122.175
475.043 304.222 169.468 305.299
339.209 369.11 24.517 371.183
595.959 247.935 290.583 252.778
472.581 254.278 168.176 254.563
590.653 422.098 283.301 422.319
590.114 176.382 287.102 182.431
480.921 159.969 179.263 159.78
549.615 350.246 242.093 352.403
640.829 353.309 331.574 356.39
515.749 224.348 212.471 226.609
520.291 290.853 215.443 292.857
554.909 263.103 251.562 266.422
624.91 209.263 319.131 216.302
444.521 201.61 140.783 200.143
609.525 165.295 306.076 172.769
678.434 204.7 368.516 214.344
483.479 369.547 177.556 371.86
693.536 250.079 380.493 258.112
634.646 291.417 326.339 296.206
443.347 162.351 140.758 159.28
434.684 409.247 125.626 411.834
637.755 367.312 328.566 369.807
646.452 360.134 336.72 362.965
689.757 274.424 377.81 281.392
706.677 299.221 392.705 305.284
404.43 342.424 94.9673 343.236
524.576 316.328 219.055 318.368
592.477 221.577 288.203 227.446
691.974 336.669 378.764 340.394
519.537 275.361 215.245 277.337
483.342 254.462 180.165 255.251
442.73 144.285 140.501 140.638
634.657 100.434 331.848 112.244
402.015 134.492 98.4575 128.353
493.255 154.918 192.083 154.937
399.438 146.261 94.8013 139.586
395.312 149.367 89.7373 142.353
681.588 262.172 370.578 270.078
541.342 69.6837 243.441 73.5535
389.809 100.26 85.0616 91.2405
583.887 316.021 276.75 319.642
601.592 140.835 299.031 148.906
634.145 277.328 327.047 282.679
340.191 202.454 29.2944 194.832
507.38 274.813 202.75 276.373
520.822 270.46 216.376 272.424
335.984 339.502 20.1697 340.053
516.95 157.765 215.843 159.35
550.972 337.22 246.887 339.463
482.804 142.549 182.28 142.507
592.202 96.8394 291.904 104.695
456.177 191.291 152.318 189.404
480.676 250.258 176.764 250.753
689.612 282.359 376.327 289.367
524.001 200.255 221.494 202.29
338.504 192.482 27.4293 184.114
376.996 288.125 67.175 286.32
380.275 190.89 73.4695 185.631
528.874 46.5503 232.023 50.1237
483.246 123.411 182.963 123.038
528.911 316.377 223.908 318.474
369.577 248.301 59.743 244.378
581.466 249.329 277.013 253.6
500.936 194.695 198.405 195.432
564.29 296.287 258.906 299.255
495.707 138.091 195.223 138.126
621.138 268.128 314.91 274.034
571.848 248.404 267.581 252.304
364.787 140.343 57.4643 130.772
413.83 405.253 104.848 407.781
520.18 328.271 214.63 330.167
491.633 291.245 186.588 292.456
546.459 261.275 243.601 264.296
486.678 210.419 183.782 211.339
549.163 222.341 244.467 225.923
573.133 301.381 267.588 304.462
661.059 274.202 351.191 280.243
669.369 201.976 361.436 212.347
365.592 258.617 55.2951 255.03
433.472 395.355 125.081 398.266
666.219 129.559 359.564 141.553
364.634 168.678 55.9756 160.387
440.826 335.403 133.818 336.341
531.389 332.401 225.702 334.404
584.466 97.8035 283.647 105.371
556.715 50.2779 258.89 56.3683
423.12 214.084 118.433 211.285
512.338 265.467 209.218 267.246
468.029 259.319 163.203 259.371
590.322 185.608 287.046 191.364
452.779 335.345 145.616 336.408
581.918 346.964 274.832 350.017
556.734 148.464 255.902 152.8
430.47 164.497 127.337 161.359
490.971 269.77 186.516 270.739
502.322 118.933 201.975 119.863
600.486 362.756 294.951 365.376
422.649 368.375 114.463 369.926
422.533 156.29 118.687 151.4
621.013 267.258 313.918 272.308
655.563 326.564 345.677 330.271
519.632 330.382 214.242 332.217
436.223 259.338 130.432 258.271
443.06 176.321 139.857 174.243
496.471 214.66 193.204 215.24
394.19 170.353 88.6234 164.224
613.931 195.698 309.334 202.482
413.783 206.214 108.406 202.564
538.231 123.674 237.577 127.336
339.183 73.6519 29.5767 58.2495
603.497 268.373 298.197 272.974
547.967 63.5535 249.341 68.4412
686.585 131.504 377.785 145.529
674.25 222.518 364.863 231.238
515.008 262.847 209.91 265.227
660.355 222.07 352.519 230.321
686.925 370.9 373.823 373.374
559.705 341.352 253.706 343.516
354.287 137.783 46.3049 127.272
504.15 169.755 202.327 170.373
401.733 335.292 91.078 335.689
527.001 240.084 223.784 242.235
586.524 264.805 281.282 268.827
595.102 216.182 290.602 221.474
563.313 269.245 258.749 272.471
444.169 414.029 134.913 416.507
694.654 296.822 382.055 303.498
523.832 280.533 219.486 282.502
525.275 133.161 224.868 136.057
423.888 388.178 115.055 390.195
524.682 161.235 223.917 163.357
445.541 169.411 142.492 167.301
525.377 110.428 225.845 112.454
605.7 209.273 301.232 215.298
434.124 185.595 130.122 183.24
689.743 164.297 379.18 175.826
481.835 159.123 179.408 158.927
386.609 380.6 75.0059 382.52
646.184 129.914 341.026 140.392
348.814 157.522 38.9838 147.46
420.652 181.643 116.29 177.484
656.457 193.324 349.376 202.397
528.623 290.283 223.857 292.31
389.417 200.461 82.6075 195.228
555.28 258.375 251.292 261.444
402.533 216.249 95.8816 212.267
606.371 188.803 302.329 195.288
562.246 39.2922 264.394 46.0075
643.057 144.593 338.066 154.533
402.051 109.524 98.0242 102.171
497.832 256.274 192.61 257.087
480.38 349.148 174.514 350.562
520.048 185.93 217.528 187.437
656.408 228.305 348.362 235.979
627.88 420.447 315.461 420.536
419.064 258.329 111.924 256.468
618.592 315.885 310.483 319.328
511.435 377.151 203.244 378.883
440.932 184.308 137.678 181.457
569.851 488.51 260.717 488.389
340.882 124.221 30.7072 112.448
468.398 329.474 163.212 330.546
586.101 322.279 279.608 325.041
457.581 290.418 151.875 290.614
635.064 333.259 325.756 336.333
326.744 330.27 11.0305 330.377
392.036 112.476 87.4663 104.54
325.37 80.4044 14.6636 63.3721
642.821 152.224 339.76 163.897
388.492 211.181 81.256 206.292
416.178 353.273 108.012 354.276
467.678 287.322 162.258 287.697
484.662 150.275 183.431 149.405
545.02 54.2836 247.165 59.3086
523.792 375.847 217.958 377.364
653.248 236.306 348.42 244.266
533.876 296.211 229.257 298.307
490.219 261.375 185.595 262.044
502.746 235.382 199.533 236.402
330.633 364.226 14.9501 365.246
553.255 47.3554 255.62 53.3338
648.934 333.257 339.064 336.455
651.832 98.0138 347.483 111.313
593.656 82.9352 292.632 91.5668
523.294 98.3207 225.104 100.485
606.52 199.253 302.32 205.46
342.447 272.181 30.2261 268.36
504.689 212.189 201.674 213.027
488.711 296.299 183.754 297.299
394.758 176.698 90.182 171.005
533.474 209.35 231.404 211.805
623.112 98.9218 319.539 109.321
531.139 297.283 226.692 299.29
343.934 212.336 32.9631 205.183
532.553 285.306 227.315 287.293
446.201 296.294 140.017 296.267
504.799 244.44 200.771 245.456
465.147 349.506 159.405 350.71
395.206 416.313 82.8174 419.385
624.32 236.782 317.749 242.654
329.057 216.531 16.5106 208.86
339.876 56.2995 32.0439 39.3019
676.335 328.614 363.781 332.287
454.261 249.335 149.471 248.517
395.616 336.635 86.5824 336.86
626.283 144.395 322.024 154.222
629.274 82.4433 326.638 94.2949
564.908 104.3 263.774 108.78
632.49 174.113 326.858 182.129
579.35 181.404 274.337 186.893
480.427 216.571 176.541 217.357
471.31 154.278 169.621 152.469
443.359 261.311 137.735 260.332
586.23 192.574 282.418 197.591
668.554 112.38 362.202 126.331
528.336 132.526 227.009 135.469
463.988 106.31 163.476 104.314
333.491 369.286 18.1593 370.5
685.59 144.659 377.733 158.859
648.553 243.868 340.906 250.543
482.494 110.652 182.548 110.347
389.034 356.704 77.9189 357.573
500.813 278.369 196.716 279.503
415.264 199.379 110.524 195.424
401.162 396.139 92.29 398.168
617.63 77.3219 315.866 88.4052
485.617 362.266 178.844 363.67
554.459 38.2779 256.706 44.3634
496.287 172.301 194.424 173.618
351.077 228.401 40.387 222.388
406.02 363.307 94.3263 364.505
330.823 124.615 20.0767 111.005
534.002 282.493 229.775 284.524
437.036 246.111 130.852 244.333
667.886 247.285 358.808 254.505
371.956 254.243 61.9501 250.324
444.788 310.373 138.126 310.51
455.199 264.288 149.539 263.653
566.909 318.187 261.399 320.557
511.971 126.448 211.974 128.688
695.539 210.316 384.396 220.237
526.173 46.2168 228.609 49.5133
403.609 363.431 94.3263 364.505
664.367 212.18 356.28 220.684
593.298 209.238 289.138 214.335
690.191 204.525 379.717 214.468
542.619 224.2 238.598 226.557
681.741 179.921 374.52 191.294
424.954 318.426 118.529 318.417
332.65 65.4016 22.0573 47.4151
454.798 298.48 148.216 299.925
532.322 448.12 225.174 450.013
534.219 199.949 231.408 202.034
506.496 136.677 206.373 138.692
325.166 132.964 14.425 119.643
470.143 167.958 169.561 168.172
557.283 123.533 254.675 128.266
639.058 112.412 334.891 124.296
392.233 151.188 87.7486 143.977
535.716 4.09223 239.139 8.34756
644.057 348.257 333.254 352.096
418.43 258.28 111.547 256.162
342.118 268.717 29.9971 264.495
555.583 37.3182 257.662 43.5367
640.434 326.265 331.786 329.434
505.673 174.651 203.069 176.43
402.99 293.606 93.6501 292.173
396.781 104.519 97.2816 96.982
356.783 266.103 46.3686 262.253
485.472 448.353 176.155 450.219
553.134 320.319 248.872 322.37
628.669 326.32 320.279 329.29
359.141 235.262 48.3692 231.326
601.728 143.497 298.942 151.988
442.202 116.785 140.212 113.339
478.689 259.232 174.739 259.3
517.691 31.4292 220.852 34.1449
580.41 152.949 277.962 159.782
513.146 285.325 208.669 286.588
424.832 184.756 120.161 182.177
326.788 34.3619 16.2314 13.3933
418.973 283.935 112.515 282.653
504.426 140.439 203.728 142.292
442.488 387.111 133.537 388.676
580.592 86.3729 280.151 94.3034
452.482 298.229 146.657 298.093
583.782 239.686 279.213 243.613
423.453 373.247 115.601 374.397
568.363 63.3073 269.069 70.5263
339.778 222.561 28.3695 215.47
643.4 407.605 334.053 408.773
697.169 105.384 387.355 121.535
350.673 203.367 39.9099 195.52
648.431 321.285 338.749 324.531
600.367 163.486 297.41 169.69
518.023 18.2266 221.938 21.334
330.386 267.313 15.4902 262.212
648.04 223.487 340.801 230.482
366.329 276.371 56.4467 273.1
402.209 309.198 94.0387 308.152
505.747 223.852 202.401 224.344
430.524 318.684 122.694 318.401
463.606 119.622 163.617 116.471
416.394 146.265 112.593 142.124
484.718 275.698 180.625 275.944
621.735 274.085 314.111 278.248
570.774 71.5453 270.537 78.7166
453.558 378.667 144.634 382.002
544.255 149.141 241.476 153.363
502.097 117.076 202.262 118.895
442.993 200.507 140.783 200.143
534.473 164.299 236.487 167.337
601.233 184.837 298.841 190.9
526.984 460.427 217.722 463.145
530.779 54.6372 232.781 56.2532
442.032 208.078 137.276 207.349
425.801 202.274 120.418 200.528
601.013 552.838 291.911 552.365
